
 NPM(K)    PM(M)      WS(M)     CPU(s)      Id  SI ProcessName
 ------    -----      -----     ------      --  -- -----------
     25    23.43      42.22     291.53   15352   1 AdobeCollabSync
     17     7.10      18.73       0.09   26412   1 AdobeCollabSync
     18     5.05      26.32       0.31   29296   1 aimgr
     73   113.83     158.66     335.61    3048   1 AlarmClock
     19    12.82      42.98       4.94   12132   1 AppActions
     21     6.78      43.04       0.69    1540   1 ApplicationFrameHost
     13     1.86       4.81       2.20   12332   1 ArmouryAIOFanServer
     15     4.18       5.53     498.97   12480   1 ArmourySocketServer
     11     1.88       8.18       0.00    4792   0 armsvc
     11     1.55       8.22       0.00    4832   0 AsSysCtrlService
     13     2.46      11.10       0.00    2576   0 AsusCertService
     19     3.53      17.54       0.00    4876   0 AsusFanControlService
     16     6.98      17.93       0.00    3556   0 atkexComSvc
     81    20.60      71.14     206.44   31084   1 Audacity
     13     7.46      18.44     547.38   19748   0 audiodg
     29    18.92       5.73       0.14    5584   1 backgroundTaskHost
     29    18.76       4.96       0.19    8556   1 backgroundTaskHost
     29    18.74      19.12       0.12   83900   1 backgroundTaskHost
     29    18.75      28.25       0.12  136984   1 backgroundTaskHost
     29    18.95      35.93       0.14  184088   1 backgroundTaskHost
     29    18.75      37.62       0.16  245132   1 backgroundTaskHost
     22    10.12      30.35       0.59  328648   1 backgroundTaskHost
     14     8.39      24.05       0.12  345636   1 backgroundTaskHost
     27    32.47      81.61       1.08  366724   1 backgroundTaskHost
     30    12.07      29.41       0.12  417544   1 backgroundTaskHost
      8     1.20       4.41      19.23   12668   1 bitsumsessionagent
     12     2.96       9.16       0.00    5044   0 BootTime
     42   104.16     176.99      96.52    2976   1 chrome
     11     2.58      10.62       5.58   13528   1 chrome
     28    54.54      58.71      37.14   16092   1 chrome
    132   324.85     517.32   3,141.28   16484   1 chrome
     18    12.07      29.55     529.27   16784   1 chrome
    100   495.30     452.78   1,945.36   20492   1 chrome
     40    51.02      88.83   1,602.38   20508   1 chrome
     58   292.77     388.05     116.48   20636   1 chrome
     16    14.51      28.03      19.31   20788   1 chrome
     28    59.45     107.40     546.95   21020   1 chrome
     26    22.59      65.56       2.38   21492   1 chrome
     43   189.62     265.88      40.91   21820   1 chrome
     50   454.78     545.59   1,211.58   22644   1 chrome
     32    76.69     136.06      10.64   25696   1 chrome
     58   342.85     437.89     131.45   27220   1 chrome
     24    22.52      65.57       1.89   27300   1 chrome
     59   642.76     729.33     887.08   28476   1 chrome
     25    24.18      66.20       2.03   43824   1 chrome
     25    22.91      66.46       1.50  157852   1 chrome
     31   100.00     173.84     147.84  246936   1 chrome
     25    25.57      68.75       1.33  264972   1 chrome
     25    34.11      85.66       1.05  285608   1 chrome
     40   367.66     453.17     272.38  310148   1 chrome
     30    71.71     140.71       3.69  370580   1 chrome
     20    13.66      31.53       0.06  371212   1 chrome
     28    72.62     132.72      27.31  383820   1 chrome
     31    46.41      86.70       3.34  385688   1 chrome
     27    56.68     114.68       3.28  387564   1 chrome
     31    70.71     140.54       7.30  388672   1 chrome
     31    79.01     150.64      11.97  400724   1 chrome
     33   113.83     185.69       5.92  407364   1 chrome
     26    52.49     116.79       2.48  411872   1 chrome
     25    25.76      69.51       0.19  421636   1 chrome
     24    23.05      66.86       0.17  422052   1 chrome
     27    29.59      83.98       0.62  423744   1 chrome
     24    23.55      69.02       0.23  431844   1 chrome
     23    26.77      63.18       0.12  442780   1 chrome
     55 1,328.64   1,404.75      81.77  453460   1 chrome
     37   155.07     114.09     161.38    3816   1 chromium
     10     2.10      10.29       0.09   11892   1 chromium
     50    49.36     129.12      91.75   12704   1 chromium
     22    18.36      48.00      19.08   13020   1 chromium
     13     8.40      22.85       6.28   13888   1 chromium
     22    18.83      48.00      29.44   32852   1 chromium
     21    17.20      46.26       1.98   32860   1 chromium
     22    20.29      50.35      29.16   33100   1 chromium
     19    16.67      34.46       2.36   33304   1 chromium
     60   382.32     392.59   5,326.02   23780   1 Code
     59   166.73     188.48      81.78   40380   1 Code
     52   125.00     169.47      31.97   40892   1 Code
     28    79.35     111.33      55.92   41372   1 Code
     55   448.55     500.60     663.44   42056   1 Code
     13    10.84      36.55       0.12   44236   1 Code
     21    22.64      63.07      26.55   45472   1 Code
     31    93.69     126.90      81.59   46192   1 Code
     58   423.32     229.45     145.47   47824   1 Code
     52   600.62     575.20      47.20   48452   1 Code
     33   122.98     189.84      56.83   48792   1 Code
     21    70.68     113.76       7.69   50148   1 Code
     73   146.99     210.29     302.11   50452   1 Code
     20    28.20     117.11       1.05  373492   1 Code
     72   519.64     547.29     512.50  375444   1 Code
     22   143.52     201.54       4.62  384372   1 Code
     20    29.09     116.63       0.94  385972   1 Code
     22    70.25     128.78       1.14  394152   1 Code
     30    87.97     144.54       8.84  400768   1 Code
     20    28.04     117.98       0.83  406056   1 Code
     52   120.85     180.18       4.58  406716   1 Code
     53   602.42     600.76      18.12  406952   1 Code
     20    34.96     125.45       1.52  407084   1 Code
     63   366.82     344.52       3.72  412864   1 Code
     18    44.70      61.14       9.86  381204   1 com.docker.backend
     80   158.34     203.57   5,380.66  401032   1 com.docker.backend
     17    31.46      41.62       1.97  401396   1 com.docker.build
     10     1.65      10.76       0.00    5912   0 conhost
     13     6.79      22.07       6.33   12700   1 conhost
      8     1.19       7.48       0.03   22560   1 conhost
      9     1.41       8.77       0.03   94176   1 conhost
      9     1.46       8.85       1.09  386236   1 conhost
      8     1.19       7.66       0.33  396440   1 conhost
     10     1.73      10.16       0.08  403968   1 conhost
     10     1.75      10.11       0.08  404500   1 conhost
     10     1.62      10.11       0.16  404604   1 conhost
     10     1.63      10.10       0.09  404672   1 conhost
     10     1.74      10.11       0.09  404696   1 conhost
     10     1.75      10.16       0.06  406044   1 conhost
     10     1.73      10.14       0.06  406188   1 conhost
     10     1.73      10.07       0.08  406472   1 conhost
      9     1.41       8.76       0.05  412136   1 conhost
      8     1.16       7.48       0.02  414504   1 conhost
      9     1.42       8.62       0.56  432944   1 conhost
      9     1.42       8.62       0.33  438352   1 conhost
      9     1.41       8.60       0.08  453040   1 conhost
      8     1.15       7.54       0.02  457440   1 conhost
      8     1.16       7.52       0.02  457656   1 conhost
     13     4.17      10.11       0.05    2940   1 crashhelper
     10     1.48       8.84       0.02   22136   1 crashpad_handler
     26    43.92      60.36       1.48   12560   1 CrossDeviceResume
     29     2.70       7.16       0.00    1228   0 csrss
     60     6.53       8.59       0.00    1344   1 csrss
     22    13.55      42.70     105.08   19108   1 ctfmon
     20     5.12      19.91       0.00    6388   0 dasHost
     10     1.82      10.57       0.00    7336   0 dasHost
     21    10.14      42.32       0.94   28632   1 DataExchangeHost
    160   133.26     319.84   4,092.14   11208   1 DDM
     28     8.00      41.08   2,378.78   14648   1 DigitalClock5
     19    13.37       7.06       0.28   12448   1 DipAwayMode
     16    12.82      91.84      57.34    1204   1 Discord
    118   793.08     868.68  10,784.52    1328   1 Discord
     13    10.59      39.72       0.17    1428   1 Discord
     20    23.57      70.84      66.31    9972   1 Discord
     46   385.53     313.43     570.97   13316   1 Discord
     56   139.35     204.93     537.38   22816   1 Discord
     13     3.00      22.07       0.66    8004   1 dllhost
     11     2.57      14.71       0.08   16144   1 dllhost
     12     2.86      22.11       1.05   24184   1 dllhost
     13     2.82      20.91       0.53   30308   1 dllhost
     28     4.26      12.79       0.22  396148   1 dllhost
     15     3.65      12.18       0.03  404184   1 dllhost
     12    18.70      19.56       0.11  440096   1 docker
     10    18.85      19.91       0.14  454940   1 docker
     10    19.40      20.09       0.16  455100   1 docker
     48   127.10     152.54      35.30  400572   1 Docker Desktop
     31   105.95     108.89      18.98  401360   1 Docker Desktop
     19    20.82      61.85       1.14  401448   1 Docker Desktop
     29    93.79     165.48     209.56  403608   1 Docker Desktop
     13    25.47      35.17       0.50  445844   1 docker-compose
    122   630.75     226.85       0.00    1896   1 dwm
     10     1.73       9.72       0.00    4852   0 ErgonomicKBNotificationService
     91   297.98     398.69     360.86     808   1 EXCEL
    339   543.61     603.96   2,634.08   14264   1 explorer
     93   168.97     215.08       0.00   10020   0 ExpressVPN.AppService
     62    43.18      76.83      42.94   21664   1 ExpressVPN.BrowserHelper
     70    62.05      99.49       0.00    4860   0 ExpressVPN.SystemService
     59    46.75      82.67       0.00    4884   0 ExpressVPN.VpnService
     61    48.82      77.97     102.31   15328   1 ExpressVPNNotificationService
    180   423.69     546.05   1,168.58    3512   1 firefox
     75   505.28     130.08      90.83   12092   1 firefox
     17     8.25      17.88       0.12   20500   1 firefox
    158 1,004.68   1,046.08     730.78   21592   1 firefox
     22    60.27      38.12       0.64   21616   1 firefox
     55   173.97     202.80      58.78   22268   1 firefox
     13    24.93      18.78       0.19   22792   1 firefox
     64   236.35     276.68     522.91   23128   1 firefox
     44   196.80     224.62      32.78   25592   1 firefox
     15     8.78      19.62       0.12   35372   1 firefox
     60   286.34     321.84      35.20   96940   1 firefox
     20    16.42      32.50       0.06  254320   1 firefox
     20    16.30      32.37       0.11  282360   1 firefox
     20    16.32      32.43       0.08  283428   1 firefox
      7     1.66       5.29       0.00    1700   0 fontdrvhost
     11     4.82      13.88       0.00    1708   1 fontdrvhost
     25    26.31      56.71     242.94   15232   1 FreeCountdownTimer
     12     4.99      10.02       0.00    4912   0 ftnlsv
     16     6.09      15.95       0.00    5168   0 ftscanmgrhv
     28    94.00     129.39       0.00    7628   0 grafana
      9    12.41       8.48       0.00    6576   0 grafana-server
     65    66.91     126.90     704.47    7452   1 Greenshot
     17     3.17      16.92       0.00    4824   0 horizon_client_service
     15     8.46      23.74       0.00    4904   0 HPPrintScanDoctorService
      0     0.06       0.01       0.00       0   0 Idle
     39    54.50      14.20       1.34   27888   1 IGCC
     22     6.60      10.77     876.58   12440   1 ipoint
     36    19.19       2.94     115.86   12600   1 itype
     10     1.42       8.33       0.00    4984   0 jhi_service
     11     1.39       4.54       0.00    1464   0 LsaIso
     30    15.89      43.55       0.00    1484   0 lsass
    122   195.49     242.95     516.47  217380   1 Malwarebytes
     50    50.01     109.65       0.00  220408   0 MBAMService
     80   154.16     184.08     219.22   10972   1 MicrosoftSecurityApp
     12     3.13       4.50     201.28    6540   1 MKCHelper
     18    17.44      35.71       0.00    5096   0 MpDefenderCoreService
     18    20.12      11.99       1.86    2252   1 msedgewebview2
     27    50.81       7.09       1.34    7644   1 msedgewebview2
     33   251.80       0.61     266.02   15020   1 msedgewebview2
     18    19.71       2.20      16.77   15632   1 msedgewebview2
      9     2.20      11.80       0.19   16708   1 msedgewebview2
     23    46.66       2.62       1.34   17744   1 msedgewebview2
     45    42.29     125.32      45.97   18396   1 msedgewebview2
     27    63.81      69.85       3.75   18476   1 msedgewebview2
     18    19.24      46.35      25.28   18500   1 msedgewebview2
     10     8.72      22.73       1.08   18560   1 msedgewebview2
     24    64.57     112.38       5.36   18752   1 msedgewebview2
     31   105.05       5.59      23.78   19640   1 msedgewebview2
      9     2.22      12.23       0.25   25296   1 msedgewebview2
     11     9.86       0.02       2.94   26804   1 msedgewebview2
     46    45.61       8.53      41.05   27532   1 msedgewebview2
      9     2.25      12.20       0.19   27556   1 msedgewebview2
     13     8.41       1.88       1.12   27956   1 msedgewebview2
     11     9.38       2.12       0.08   28208   1 msedgewebview2
     46    48.46      37.11      23.56   31068   1 msedgewebview2
     23    59.89       5.29       0.91  190956   1 msedgewebview2
     24    61.71     107.00       4.27  260140   1 msedgewebview2
     61    76.58     162.15      22.88  264284   1 msedgewebview2
      9     2.20      12.13       0.09  264308   1 msedgewebview2
     36   193.58      88.56      24.45  264496   1 msedgewebview2
     23    20.25      49.70       2.66  264512   1 msedgewebview2
     11     9.06      23.58       0.41  264572   1 msedgewebview2
     25   121.95     167.11       2.62  264864   1 msedgewebview2
     26   172.23     224.12      44.77  265016   1 msedgewebview2
     24    63.00     110.13       1.39  265072   1 msedgewebview2
     27   120.42     173.07      55.22  265140   1 msedgewebview2
     20    21.45      48.91       0.53  266204   1 msedgewebview2
    240   400.28     371.38       0.00    4064   0 MsMpEng
     38   172.11      96.58      46.61  404764   1 msrdc
     37   171.22      83.01      40.94  405868   1 msrdc
     11     4.63      15.16       0.00   10532   0 NisSrv
     37    58.82     105.70      28.02  252988   1 notepad++
      9     1.92       8.12       0.00    5008   0 nssm
     25    13.17      42.53       0.00    4968   0 nvcontainer
     26    19.03      47.68       0.00    5364   1 nvcontainer
    105    47.22      95.58     400.52    7440   1 nvcontainer
     20     9.09      35.79     115.61   10956   1 nvcontainer
     24    25.52      53.42       0.00    2964   0 NVDisplay.Container
     31    42.56      73.68       0.00   11948   1 NVDisplay.Container
     32    50.28      90.91      15.00    5788   1 NVIDIA Overlay
     31   149.33      83.77     289.28   14364   1 NVIDIA Overlay
     17     9.93      22.97       9.95   14748   1 NVIDIA Overlay
     22    19.82      44.76      90.89   14824   1 NVIDIA Overlay
     61   156.70     186.25     303.55   15332   1 NVIDIA Overlay
     14     3.23      16.59     544.94   15312   1 nvsphelper64
     28    42.68      80.62       0.00    4960   0 OfficeClickToRun
     29    46.40      37.99       4.03   65872   1 OneDrive.Sync.Service
     28    52.47      14.90       0.78   12616   1 P508PowerAgent
      6     3.21       8.68       0.30  415080   1 pet
    121   120.04     231.14     932.50   15748   1 PhoneExperienceHost
     26    13.52      27.61       0.00    5060   0 PreSonusHardwareAccessService
     21     9.04      26.13       0.00   14608   0 printfilterpipelinesvc
     11    14.07      22.86       0.00    5804   0 ProcessGovernor
     28    43.37      61.68  11,430.30   13196   1 ProcessLasso
     96    44.14     132.55      61.03   31456   1 pwsh
     85    37.97     114.64       2.77  138052   1 pwsh
     77    35.35     106.73       5.33  381912   1 pwsh
     92    40.78     122.41       7.66  390624   1 pwsh
     77    38.52     109.32       3.17  415520   1 pwsh
     85    36.95     113.66       2.34  430344   1 pwsh
     88    42.73     122.55       2.80  447540   1 pwsh
     26    12.80      51.04       0.00     280   0 Registry
     11     2.40      14.08       0.80    2540   1 RuntimeBroker
     11     2.43      14.17       0.77    9672   1 RuntimeBroker
     16     5.39      25.21       0.72   14132   1 RuntimeBroker
     39    21.78      80.82      28.78   16608   1 RuntimeBroker
     10     2.41      13.81       0.81   21140   1 RuntimeBroker
     10     2.25      13.36       2.91   21352   1 RuntimeBroker
     15     4.16      30.25       0.25  399876   1 RuntimeBroker
      8     1.62       9.52       0.03  417584   1 RuntimeBroker
     29    28.77      45.79       0.00    4928   0 SDFSSvc
     26     9.73      27.44       0.00    4952   0 SDUpdSvc
     47    86.31     154.69      13.25    4196   1 SearchHost
     21    35.04      57.14       0.00   15852   0 SearchIndexer
      0     0.17     186.64       0.00     236   0 Secure System
     24     9.06      26.48       0.00   19688   0 SecurityHealthService
     11     2.18      13.84       0.08   12252   1 SecurityHealthSystray
     17     7.29      21.02       0.00    1412   0 services
     33    48.52      69.45       0.42    7124   1 ShellExperienceHost
     25    43.88      58.61     140.50   19852   1 ShellHost
     24     8.24      50.26      91.92   10212   1 sihost
      4     1.14       1.66       0.00     840   0 smss
     19     8.79      32.93      12.12   26284   1 splwow64
     39    16.15      44.68       0.00    4356   0 spoolsv
     22   204.69     207.86       0.00    4976   0 Spybot3AntiBeaconService
      5     0.68       4.58       0.00    4036   0 srvstub
     55   111.94     178.41      15.41   15580   1 StartMenuExperienceHost
     27    14.15      28.84       0.00    5032   0 StreetSmartAutoUpdate
      7     1.97       8.41       0.00       8   0 svchost
     12     1.36       7.14       0.00    1068   0 svchost
     29    26.12      53.16       0.00    1668   0 svchost
     20    12.96      23.66       0.00    1792   0 svchost
     14     1.92      10.45       0.00    1812   0 svchost
     12     2.61      16.47       0.00    1836   0 svchost
     13     3.38      11.80       0.00    1840   0 svchost
     13     3.21      14.36       0.00    2116   0 svchost
     11     2.43      13.88       0.00    2128   0 svchost
     10     2.38      15.75       0.00    2136   0 svchost
     12     3.41      18.05       0.00    2272   0 svchost
     13     1.64       7.61       0.00    2280   0 svchost
     42     8.14      14.01       0.00    2336   0 svchost
     13    18.08      23.93       0.00    2408   0 svchost
     22     7.03      22.91       0.00    2448   0 svchost
     15     8.28      23.49       0.00    2584   0 svchost
     16    21.70      30.85       0.00    2768   0 svchost
     18     4.66      25.68       0.00    2876   0 svchost
     11     2.71      10.90       0.00    2920   0 svchost
     13     4.19      17.29       0.00    3008   0 svchost
     10     1.96      10.25       0.00    3024   0 svchost
     18     7.00      19.11       0.00    3104   0 svchost
      8     1.41       7.78       0.00    3268   0 svchost
     10     2.01      10.55       0.00    3276   0 svchost
      9     1.59       9.55       0.00    3336   0 svchost
     16     2.30      12.86       0.00    3360   0 svchost
     11     2.57      12.29       0.00    3388   0 svchost
     12     2.22      11.77       0.00    3396   0 svchost
     10     1.93      11.29       0.00    3436   0 svchost
     13     4.33      20.30       0.00    3528   0 svchost
      9     1.77      10.00       0.00    3600   0 svchost
     10    31.03      43.25       0.00    3680   0 svchost
      8     1.83       9.41       0.00    3796   0 svchost
      9     1.83       8.82       0.00    4132   0 svchost
     13     2.95      13.48       0.00    4140   0 svchost
     18     9.07      39.41       6.28    4180   1 svchost
     24     7.14      25.23       0.00    4268   0 svchost
     15     2.98      18.51       0.00    4308   0 svchost
     33    23.04      38.04       0.00    4384   0 svchost
     11     2.02      10.58       0.00    4432   0 svchost
     29     9.69      25.70       0.00    4816   0 svchost
     13     3.30      14.77       0.00    4840   0 svchost
     24    56.34      66.28       0.00    4864   0 svchost
     18     2.95      15.29       0.00    4944   0 svchost
      8     1.43       8.14       0.00    4992   0 svchost
     13     2.53      13.42       0.00    5052   0 svchost
     43     1.79       9.30       0.00    5068   0 svchost
      8     1.57       7.75       0.00    5080   0 svchost
      9     1.26       7.28       0.00    5112   0 svchost
     18    11.93      39.41       3.48    5284   1 svchost
     10     1.69       9.48       0.00    5304   0 svchost
     12     2.37      12.05       0.00    5540   0 svchost
     14     2.62      10.32       0.00    5688   0 svchost
     26     3.61      17.62       0.00    6252   0 svchost
      9     1.62       9.28       0.00    6972   0 svchost
     18     6.56      22.68       0.00    7024   0 svchost
     17    10.82      21.56       0.00    7384   0 svchost
     15     7.24      14.62       0.00    8252   0 svchost
     18     2.29      10.34       0.00    8256   0 svchost
     16     9.17      29.56       0.00    9116   0 svchost
     15     3.77      20.52       0.00    9496   0 svchost
     16     2.90      12.87       0.00    9952   0 svchost
     13     3.13      23.50       2.83   10632   1 svchost
      9     2.12      11.08       0.48   10764   1 svchost
     13    16.76      28.34       0.00   11212   0 svchost
     12     2.67      11.63       0.00   11284   0 svchost
     13     3.49      16.04       0.00   11500   0 svchost
     13     2.75      16.43       0.00   12676   0 svchost
     14     6.77      29.68       0.00   13092   0 svchost
     18     4.86      33.96       4.66   13636   1 svchost
     19     5.19      23.62       0.00   13688   0 svchost
     18    12.04      34.70       0.00   13820   0 svchost
      8     1.57       7.80       0.00   14780   0 svchost
      9     1.90      14.97       0.61   15124   1 svchost
     24     5.54      25.73       1.73   15904   1 svchost
     14     9.53      18.75       0.00   16332   0 svchost
     25    14.69      53.51       2.36   16656   1 svchost
     13    12.76      25.63       0.00   16808   0 svchost
     10     2.02      15.67       1.17   18076   1 svchost
    260     2.48      10.12       0.00   24500   0 svchost
     11     3.00      16.37       0.00   25956   0 svchost
     13     2.00      11.28       0.00   26012   0 svchost
     20    25.70      45.78       0.00   26052   0 svchost
     13     2.86      15.39       0.00   26156   0 svchost
     12     3.26      14.03       0.00   26236   0 svchost
     10     2.05      10.80       0.00   26660   0 svchost
     18    10.01      31.77       0.00   31324   0 svchost
      9     1.80       9.50       0.00  383164   0 svchost
     10     6.11      18.11       0.00  446416   0 svchost
      0     0.11      26.46       0.00       4   0 System
     42    11.34      27.24      69.77   12320   1 taskhostw
    341   363.17     801.10  58,053.42   76116   1 Taskmgr
     37    55.46      91.61      39.70   14936   1 TextInputHost
    141 2,444.14   2,340.54 177,477.78   31684   1 thinkorswim
      9     1.60       9.27       0.00    8632   0 unsecapp
     11     1.97      11.46       0.03   13380   1 UserOOBEBroker
     12     5.68      18.82       0.00    4892   0 vmcompute
   6115   778.22       0.01       0.00   24232   0 vmmemCmZygote
      2 2,956.57   2,908.24       0.00  395272   0 vmmemWSL
     27    42.12      43.00       0.00    2760   0 vmms
     14     2.80      14.46       0.00    5016   0 vmware-usbarbitrator64
     78    17.90      30.12       0.00  395336   0 vmwp
     13     5.47      11.70       0.00    5000   0 vmwsprrdpwks
     37    24.03      84.06      34.73   15572   1 Widgets
     18     5.36      28.57       2.39   16428   1 WidgetService
     21    11.25      40.29       5.30   34216   1 WindowsPackageManagerServer
     12     1.64       8.63       0.00    1336   0 wininit
     13     3.09      23.43       0.00    1444   1 winlogon
     29    62.08      61.13   6,595.83   12344   1 WiseTray
      9     1.63       8.68       0.00   11824   0 wlanext
     18    10.07      24.04       0.00    3960   0 WmiPrvSE
     15     2.96      15.25       0.00    5132   0 WMIRegistrationService
     12     2.27      12.93       0.95  402880   1 wsl
      6     1.28       7.61       0.02  403116   1 wsl
      6     1.27       7.60       0.03  403564   1 wsl
     12     2.29      12.72      11.86  403868   1 wsl
     13     2.27      12.87       0.05  405016   1 wsl
     12     2.25      12.91       0.03  405064   1 wsl
      6     1.12       7.48       0.02  405200   1 wsl
      6     1.26       7.60       0.03  405424   1 wsl
     19     2.21      12.51       0.05  399888   1 wslhost
     11     2.07      12.11       0.05  403960   1 wslhost
     11     2.02      11.94       0.02  404512   1 wslhost
     11     2.02      11.94       0.02  404568   1 wslhost
     11     2.02      12.14       0.05  405028   1 wslhost
     11     2.02      12.14       0.02  405244   1 wslhost
     11     2.08      12.30       0.08  406072   1 wslhost
     19     2.25      12.56       0.05  406440   1 wslhost
     12     2.35      15.05       0.00  170512   0 wslinstaller
     12     2.41      10.98       0.05  402384   1 wslrelay
    100     9.47      35.96       0.00  391008   0 wslservice
     88   156.82     222.49   1,266.25  255844   1 Zoom
    124   214.22     201.33     833.91  260124   1 Zoom
     43    82.98      84.53     432.58  263608   1 Zoom
     30    85.49     104.49      63.77  255152   1 zWebview2Agent

